 20 beam:  2.00 thr:  4 ::  0[07.24 00.05 07.32 00.06  2.016 0.008 2.008 0.008] 1[04.22 00.03 -4.35 00.03  2.048 0.008 2.055 0.008] 2[-4.48 00.03 -4.51 00.03  2.029 0.008 2.026 0.008] 3[-4.52 00.03 -4.52 00.03  2.016 0.008 2.025 0.008] 4[-4.44 00.03 -4.48 00.03  1.999 0.008 2.013 0.008] 5[07.23 00.06 07.26 00.05  2.002 0.008 2.005 0.008]  0 00.00 00.00 00.00 00.00     1 00.00 00.00 00.00 00.00     2 00.00 00.00 00.00 00.00     3 00.00 00.00 00.00 00.00     4 00.00 00.00 00.00 00.00     5 00.00 00.00 00.00 00.00   
 20 beam:  2.00 thr:  5 ::  0[07.02 00.06 07.17 00.06  1.984 0.007 1.976 0.007] 1[04.29 00.03 04.24 00.03  2.005 0.007 2.006 0.007] 2[-4.40 00.03 -4.49 00.03  1.994 0.007 1.995 0.007] 3[-4.56 00.03 -4.49 00.03  2.023 0.007 2.017 0.007] 4[-4.39 00.03 -4.43 00.03  2.012 0.007 2.022 0.007] 5[07.26 00.06 07.31 00.06  1.985 0.007 1.991 0.007]  0 07.24 00.05 07.32 00.06     1 04.22 00.03 -4.35 00.03     2 -4.48 00.03 -4.51 00.03     3 -4.52 00.03 -4.52 00.03     4 -4.44 00.03 -4.48 00.03     5 07.23 00.06 07.26 00.05   
 20 beam:  2.00 thr:  6 ::  0[07.16 00.06 07.14 00.06  1.894 0.007 1.883 0.007] 1[04.30 00.04 -4.33 00.04  1.896 0.008 1.881 0.008] 2[-4.49 00.04 -4.45 00.04  1.870 0.008 1.864 0.008] 3[-60.88 3118.71 -46.16 3173.57  1.934 0.007 1.932 0.007] 4[-77.52 5414.76 -53.95 3034.13  1.952 0.007 1.942 0.007] 5[07.15 00.06 07.18 00.06  1.919 0.008 1.931 0.008]  0 07.02 00.06 07.17 00.06     1 04.29 00.03 04.24 00.03     2 -4.40 00.03 -4.49 00.03     3 -4.56 00.03 -4.49 00.03     4 -4.39 00.03 -4.43 00.03     5 07.26 00.06 07.31 00.06   
 20 beam:  2.00 thr:  7 ::  0[07.24 00.09 07.39 00.09  1.772 0.010 1.782 0.010] 1[04.29 00.05 04.41 00.05  1.758 0.010 1.768 0.010] 2[04.48 00.05 04.49 00.05  1.735 0.010 1.742 0.009] 3[04.46 00.05 04.54 00.05  1.793 0.009 1.792 0.009] 4[04.45 00.05 04.41 00.05  1.822 0.010 1.816 0.010] 5[07.10 00.08 07.13 00.08  1.810 0.010 1.802 0.010]  0 07.16 00.06 07.14 00.06     1 04.30 00.04 -4.33 00.04     2 -4.49 00.04 -4.45 00.04     3 -60.88 3118.71 -46.16 3173.57     4 -77.52 5414.76 -53.95 3034.13     5 07.15 00.06 07.18 00.06   
 20 beam:  2.00 thr:  8 ::  0[07.33 00.06 07.29 00.06  1.639 0.007 1.632 0.006] 1[-4.52 00.04 -4.47 00.03  1.659 0.007 1.661 0.007] 2[-4.64 00.04 -4.71 00.04  1.644 0.007 1.644 0.007] 3[-4.67 00.04 -4.65 00.04  1.684 0.006 1.688 0.007] 4[-4.53 00.03 -4.56 00.03  1.726 0.006 1.723 0.006] 5[07.35 00.06 07.34 00.06  1.721 0.007 1.718 0.007]  0 07.24 00.09 07.39 00.09     1 04.29 00.05 04.41 00.05     2 04.48 00.05 04.49 00.05     3 04.46 00.05 04.54 00.05     4 04.45 00.05 04.41 00.05     5 07.10 00.08 07.13 00.08   
 20 beam:  2.00 thr:  9 ::  0[07.49 00.07 07.57 00.06  1.535 0.007 1.530 0.007] 1[-29.34 12920.90 -31.90 4650.88  1.553 0.007 1.552 0.007] 2[-4.85 00.04 -4.89 00.04  1.518 0.007 1.521 0.007] 3[-4.82 00.04 -4.68 00.04  1.613 0.007 1.612 0.007] 4[-4.74 00.04 -4.71 00.04  1.615 0.007 1.618 0.007] 5[07.51 00.06 07.41 00.06  1.639 0.007 1.632 0.007]  0 07.33 00.06 07.29 00.06     1 -4.52 00.04 -4.47 00.03     2 -4.64 00.04 -4.71 00.04     3 -4.67 00.04 -4.65 00.04     4 -4.53 00.03 -4.56 00.03     5 07.35 00.06 07.34 00.06   
 20 beam:  2.00 thr: 10 ::  0[07.59 00.07 07.79 00.07  1.470 0.007 1.471 0.007] 1[-4.81 00.04 04.79 00.04  1.484 0.007 1.478 0.007] 2[05.07 00.04 05.13 00.04  1.469 0.007 1.460 0.007] 3[05.00 00.04 04.93 00.04  1.515 0.007 1.510 0.007] 4[-4.81 00.04 -4.81 00.04  1.533 0.007 1.538 0.007] 5[07.64 00.07 07.70 00.07  1.530 0.007 1.527 0.007]  0 07.49 00.07 07.57 00.06     1 -29.34 12920.90 -31.90 4650.88     2 -4.85 00.04 -4.89 00.04     3 -4.82 00.04 -4.68 00.04     4 -4.74 00.04 -4.71 00.04     5 07.51 00.06 07.41 00.06   
 20 beam:  2.00 thr: 11 ::  0[07.52 00.09 07.82 00.09  1.450 0.009 1.435 0.009] 1[04.84 00.05 -4.96 00.05  1.449 0.009 1.456 0.009] 2[04.99 00.05 05.03 00.05  1.419 0.009 1.434 0.009] 3[05.02 00.06 05.03 00.06  1.465 0.009 1.473 0.009] 4[05.02 00.05 04.99 00.05  1.491 0.009 1.502 0.009] 5[07.80 00.09 07.79 00.09  1.464 0.009 1.464 0.009]  0 07.59 00.07 07.79 00.07     1 -4.81 00.04 04.79 00.04     2 05.07 00.04 05.13 00.04     3 05.00 00.04 04.93 00.04     4 -4.81 00.04 -4.81 00.04     5 07.64 00.07 07.70 00.07   
 20 beam:  2.00 thr: 12 ::  0[07.85 00.10 07.92 00.11  1.360 0.010 1.359 0.010] 1[-5.01 00.06 05.06 00.06  1.360 0.010 1.357 0.010] 2[-5.09 00.07 05.16 00.07  1.338 0.009 1.342 0.009] 3[05.24 00.07 -5.14 00.06  1.365 0.009 1.395 0.010] 4[-5.09 00.06 05.15 00.07  1.417 0.010 1.405 0.010] 5[07.93 00.10 07.80 00.10  1.395 0.010 1.375 0.010]  0 07.52 00.09 07.82 00.09     1 04.84 00.05 -4.96 00.05     2 04.99 00.05 05.03 00.05     3 05.02 00.06 05.03 00.06     4 05.02 00.05 04.99 00.05     5 07.80 00.09 07.79 00.09   
 20 beam:  3.00 thr:  4 ::  0[06.34 00.05 06.48 00.05  2.020 0.008 2.019 0.008] 1[04.09 00.03 04.18 00.03  2.062 0.008 2.063 0.008] 2[04.19 00.03 -4.26 00.03  2.020 0.008 2.018 0.008] 3[-4.29 00.03 04.24 00.03  2.033 0.007 2.029 0.007] 4[04.26 00.03 04.23 00.03  2.026 0.008 2.031 0.008] 5[06.49 00.05 06.49 00.05  2.008 0.008 2.009 0.008]  0 07.85 00.10 07.92 00.11     1 -5.01 00.06 05.06 00.06     2 -5.09 00.07 05.16 00.07     3 05.24 00.07 -5.14 00.06     4 -5.09 00.06 05.15 00.07     5 07.93 00.10 07.80 00.10   
 20 beam:  3.00 thr:  5 ::  0[06.36 00.05 06.35 00.05  1.988 0.007 1.985 0.007] 1[04.11 00.03 04.13 00.03  1.987 0.007 2.003 0.007] 2[04.11 00.03 04.16 00.03  1.992 0.007 1.991 0.007] 3[04.23 00.03 04.22 00.03  2.051 0.007 2.044 0.007] 4[04.23 00.03 04.18 00.03  2.032 0.007 2.032 0.007] 5[06.51 00.05 06.44 00.05  1.997 0.007 2.000 0.007]  0 06.34 00.05 06.48 00.05     1 04.09 00.03 04.18 00.03     2 04.19 00.03 -4.26 00.03     3 -4.29 00.03 04.24 00.03     4 04.26 00.03 04.23 00.03     5 06.49 00.05 06.49 00.05   
 20 beam:  3.00 thr:  6 ::  0[06.37 00.05 06.25 00.05  1.896 0.006 1.888 0.006] 1[04.16 00.03 04.04 00.03  1.893 0.007 1.881 0.007] 2[04.17 00.03 04.20 00.03  1.867 0.007 1.870 0.006] 3[04.23 00.03 04.18 00.03  1.931 0.006 1.931 0.006] 4[04.14 00.03 04.17 00.03  1.959 0.007 1.962 0.007] 5[06.41 00.05 06.34 00.05  1.941 0.006 1.924 0.006]  0 06.36 00.05 06.35 00.05     1 04.11 00.03 04.13 00.03     2 04.11 00.03 04.16 00.03     3 04.23 00.03 04.22 00.03     4 04.23 00.03 04.18 00.03     5 06.51 00.05 06.44 00.05   
 20 beam:  3.00 thr:  7 ::  0[06.40 00.05 06.47 00.05  1.776 0.007 1.777 0.007] 1[04.13 00.03 04.19 00.03  1.779 0.007 1.777 0.007] 2[04.27 00.03 -63.75 4916.28  1.749 0.007 1.747 0.007] 3[-29.71 1984.29 04.23 00.03  1.813 0.007 1.810 0.007] 4[04.22 00.03 04.23 00.03  1.831 0.007 1.829 0.007] 5[06.45 00.05 06.44 00.05  1.814 0.007 1.819 0.007]  0 06.37 00.05 06.25 00.05     1 04.16 00.03 04.04 00.03     2 04.17 00.03 04.20 00.03     3 04.23 00.03 04.18 00.03     4 04.14 00.03 04.17 00.03     5 06.41 00.05 06.34 00.05   
 20 beam:  3.00 thr:  8 ::  0[06.68 00.06 06.56 00.06  1.638 0.007 1.639 0.007] 1[04.31 00.04 -66.40 3150.79  1.659 0.007 1.661 0.007] 2[-78.19 7777.01 -52.23 5180.24  1.649 0.007 1.644 0.007] 3[-56.18 2022.03 -55.10 3323.17  1.685 0.007 1.682 0.007] 4[04.32 00.04 -47.42 2738.20  1.727 0.007 1.743 0.007] 5[06.60 00.06 06.64 00.06  1.732 0.007 1.726 0.007]  0 06.40 00.05 06.47 00.05     1 04.13 00.03 04.19 00.03     2 04.27 00.03 -63.75 4916.28     3 -29.71 1984.29 04.23 00.03     4 04.22 00.03 04.23 00.03     5 06.45 00.05 06.44 00.05   
 20 beam:  3.00 thr:  9 ::  0[06.73 00.06 06.95 00.06  1.558 0.007 1.550 0.007] 1[-4.53 00.03 -4.62 00.04  1.571 0.006 1.573 0.007] 2[-4.66 00.04 -4.61 00.04  1.533 0.006 1.532 0.007] 3[-4.67 00.04 -4.62 00.03  1.605 0.006 1.600 0.006] 4[-4.55 00.04 -4.51 00.03  1.639 0.007 1.618 0.007] 5[06.72 00.05 06.75 00.06  1.638 0.007 1.641 0.007]  0 06.68 00.06 06.56 00.06     1 04.31 00.04 -66.40 3150.79     2 -78.19 7777.01 -52.23 5180.24     3 -56.18 2022.03 -55.10 3323.17     4 04.32 00.04 -47.42 2738.20     5 06.60 00.06 06.64 00.06   
 20 beam:  3.00 thr: 10 ::  0[06.96 00.07 07.08 00.07  1.479 0.007 1.477 0.007] 1[-65.60 5307.50 -67.12 2805.08  1.496 0.007 1.509 0.008] 2[-4.78 00.04 -66.35 3150.12  1.451 0.007 1.455 0.007] 3[-4.78 00.04 -76.70 4679.22  1.528 0.007 1.512 0.007] 4[-64.17 2383.54 -94.20 10563.28  1.544 0.007 1.541 0.007] 5[06.84 00.06 07.03 00.07  1.550 0.008 1.556 0.008]  0 06.73 00.06 06.95 00.06     1 -4.53 00.03 -4.62 00.04     2 -4.66 00.04 -4.61 00.04     3 -4.67 00.04 -4.62 00.03     4 -4.55 00.04 -4.51 00.03     5 06.72 00.05 06.75 00.06   
 20 beam:  3.00 thr: 11 ::  0[07.16 00.08 07.13 00.08  1.391 0.008 1.406 0.008] 1[04.80 00.05 -86.43 6320.71  1.431 0.008 1.423 0.008] 2[04.83 00.05 04.89 00.05  1.396 0.008 1.394 0.008] 3[-4.89 00.05 -4.90 00.05  1.439 0.008 1.437 0.008] 4[-12.12 2480.45 -4.86 00.05  1.451 0.008 1.465 0.008] 5[07.19 00.08 07.12 00.08  1.477 0.008 1.489 0.008]  0 06.96 00.07 07.08 00.07     1 -65.60 5307.50 -67.12 2805.08     2 -4.78 00.04 -66.35 3150.12     3 -4.78 00.04 -76.70 4679.22     4 -64.17 2383.54 -94.20 10563.28     5 06.84 00.06 07.03 00.07   
 20 beam:  3.00 thr: 12 ::  0[07.30 00.10 07.27 00.09  1.357 0.009 1.350 0.009] 1[-30.79 1456.49 -40.52 1616.33  1.344 0.009 1.345 0.009] 2[-4.95 00.06 -4.98 00.06  1.368 0.009 1.348 0.009] 3[04.87 00.06 04.88 00.06  1.373 0.009 1.368 0.009] 4[-5.01 00.06 -4.94 00.06  1.427 0.010 1.425 0.010] 5[07.18 00.10 07.48 00.10  1.415 0.010 1.418 0.010]  0 07.16 00.08 07.13 00.08     1 04.80 00.05 -86.43 6320.71     2 04.83 00.05 04.89 00.05     3 -4.89 00.05 -4.90 00.05     4 -12.12 2480.45 -4.86 00.05     5 07.19 00.08 07.12 00.08   
 20 beam:  5.00 thr:  4 ::  0[05.65 00.05 05.82 00.06  2.035 0.010 2.041 0.010] 1[03.98 00.04 04.00 00.04  2.056 0.011 2.057 0.011] 2[04.01 00.04 04.00 00.04  2.042 0.011 2.032 0.010] 3[04.03 00.04 04.04 00.04  2.027 0.010 2.038 0.010] 4[04.12 00.04 04.09 00.04  2.044 0.010 2.051 0.011] 5[05.79 00.06 05.77 00.06  2.020 0.011 2.026 0.010]  0 07.30 00.10 07.27 00.09     1 -30.79 1456.49 -40.52 1616.33     2 -4.95 00.06 -4.98 00.06     3 04.87 00.06 04.88 00.06     4 -5.01 00.06 -4.94 00.06     5 07.18 00.10 07.48 00.10   
 20 beam:  5.00 thr:  5 ::  0[05.67 00.06 05.62 00.06  1.971 0.009 1.961 0.009] 1[03.93 00.04 03.99 00.04  1.995 0.009 1.996 0.009] 2[03.96 00.04 04.00 00.04  2.000 0.009 1.993 0.009] 3[04.01 00.04 03.94 00.04  2.016 0.009 2.020 0.009] 4[04.00 00.04 04.00 00.04  2.019 0.009 2.019 0.009] 5[05.77 00.06 05.64 00.06  2.000 0.009 1.998 0.009]  0 05.65 00.05 05.82 00.06     1 03.98 00.04 04.00 00.04     2 04.01 00.04 04.00 00.04     3 04.03 00.04 04.04 00.04     4 04.12 00.04 04.09 00.04     5 05.79 00.06 05.77 00.06   
 20 beam:  5.00 thr:  6 ::  0[05.69 00.06 05.69 00.05  1.859 0.008 1.856 0.008] 1[03.95 00.04 03.99 00.04  1.881 0.008 1.885 0.008] 2[03.94 00.04 03.94 00.04  1.873 0.008 1.870 0.008] 3[04.05 00.04 04.01 00.04  1.932 0.008 1.934 0.008] 4[03.99 00.03 04.09 00.04  1.936 0.008 1.948 0.008] 5[05.76 00.05 05.74 00.05  1.917 0.008 1.920 0.008]  0 05.67 00.06 05.62 00.06     1 03.93 00.04 03.99 00.04     2 03.96 00.04 04.00 00.04     3 04.01 00.04 03.94 00.04     4 04.00 00.04 04.00 00.04     5 05.77 00.06 05.64 00.06   
 20 beam:  5.00 thr:  7 ::  0[05.77 00.05 05.83 00.06  1.774 0.008 1.773 0.008] 1[04.05 00.04 04.09 00.04  1.774 0.008 1.755 0.008] 2[03.97 00.04 04.07 00.04  1.763 0.008 1.774 0.008] 3[03.94 00.03 04.02 00.04  1.806 0.008 1.815 0.008] 4[04.02 00.03 04.12 00.04  1.825 0.008 1.840 0.008] 5[05.78 00.05 05.77 00.05  1.834 0.008 1.845 0.008]  0 05.69 00.06 05.69 00.05     1 03.95 00.04 03.99 00.04     2 03.94 00.04 03.94 00.04     3 04.05 00.04 04.01 00.04     4 03.99 00.03 04.09 00.04     5 05.76 00.05 05.74 00.05   
 20 beam:  5.00 thr:  8 ::  0[05.99 00.06 05.98 00.06  1.639 0.008 1.631 0.008] 1[04.26 00.04 04.15 00.04  1.679 0.009 1.669 0.008] 2[04.23 00.04 04.30 00.04  1.652 0.009 1.654 0.008] 3[04.21 00.04 04.12 00.04  1.708 0.008 1.712 0.008] 4[04.16 00.04 04.12 00.04  1.741 0.008 1.732 0.008] 5[05.83 00.06 05.85 00.06  1.726 0.009 1.721 0.008]  0 05.77 00.05 05.83 00.06     1 04.05 00.04 04.09 00.04     2 03.97 00.04 04.07 00.04     3 03.94 00.03 04.02 00.04     4 04.02 00.03 04.12 00.04     5 05.78 00.05 05.77 00.05   
 20 beam:  5.00 thr:  9 ::  0[06.22 00.06 06.02 00.06  1.525 0.008 1.539 0.008] 1[-44.02 2403.88 -4.38 00.04  1.564 0.008 1.558 0.008] 2[46.36 1000.00 -4.41 00.04  1.526 0.008 1.544 0.008] 3[-4.47 00.04 -46.38 1000.00  1.603 0.008 1.609 0.008] 4[-4.41 00.04 -4.38 00.04  1.631 0.009 1.627 0.008] 5[06.10 00.07 06.03 00.06  1.639 0.008 1.623 0.008]  0 05.99 00.06 05.98 00.06     1 04.26 00.04 04.15 00.04     2 04.23 00.04 04.30 00.04     3 04.21 00.04 04.12 00.04     4 04.16 00.04 04.12 00.04     5 05.83 00.06 05.85 00.06   
 20 beam:  5.00 thr: 10 ::  0[06.36 00.07 06.28 00.07  1.472 0.008 1.470 0.008] 1[-65.14 2556.60 04.57 00.05  1.485 0.009 1.484 0.009] 2[04.55 00.05 -62.76 15483.72  1.466 0.008 1.452 0.008] 3[04.50 00.05 04.51 00.04  1.512 0.008 1.500 0.008] 4[04.47 00.05 -70.75 8228.73  1.547 0.008 1.544 0.009] 5[06.27 00.07 06.11 00.07  1.537 0.009 1.545 0.009]  0 06.22 00.06 06.02 00.06     1 -44.02 2403.88 -4.38 00.04     2 46.36 1000.00 -4.41 00.04     3 -4.47 00.04 -46.38 1000.00     4 -4.41 00.04 -4.38 00.04     5 06.10 00.07 06.03 00.06   
 20 beam:  5.00 thr: 11 ::  0[06.48 00.07 06.56 00.08  1.417 0.009 1.420 0.009] 1[-13.10 1343.99 -4.68 00.05  1.428 0.009 1.434 0.009] 2[-4.52 00.05 -18.93 1000.00  1.399 0.009 1.393 0.009] 3[04.55 00.05 13.37 1000.00  1.435 0.009 1.428 0.009] 4[04.68 00.05 04.71 00.05  1.453 0.009 1.454 0.009] 5[06.41 00.08 06.43 00.08  1.476 0.009 1.477 0.009]  0 06.36 00.07 06.28 00.07     1 -65.14 2556.60 04.57 00.05     2 04.55 00.05 -62.76 15483.72     3 04.50 00.05 04.51 00.04     4 04.47 00.05 -70.75 8228.73     5 06.27 00.07 06.11 00.07   
 20 beam:  5.00 thr: 12 ::  0[06.76 00.09 06.71 00.09  1.370 0.010 1.352 0.010] 1[04.77 00.06 -4.83 00.07  1.366 0.010 1.370 0.010] 2[-17.58 1000.04 04.67 00.06  1.359 0.010 1.358 0.010] 3[04.81 00.06 04.69 00.06  1.396 0.010 1.392 0.010] 4[04.85 00.06 04.71 00.06  1.397 0.010 1.403 0.010] 5[06.53 00.09 06.71 00.09  1.429 0.011 1.416 0.010]  0 06.48 00.07 06.56 00.08     1 -13.10 1343.99 -4.68 00.05     2 -4.52 00.05 -18.93 1000.00     3 04.55 00.05 13.37 1000.00     4 04.68 00.05 04.71 00.05     5 06.41 00.08 06.43 00.08   
150 beam:  2.00 thr:  4 ::  0[19.72 00.46 19.59 00.46  2.219 0.010 2.225 0.010] 1[09.71 00.10 09.98 00.11  2.258 0.010 2.266 0.010] 2[09.01 00.09 09.25 00.09  2.241 0.010 2.237 0.010] 3[08.89 00.08 09.16 00.09  2.303 0.009 2.297 0.009] 4[10.16 00.10 10.35 00.10  2.311 0.009 2.326 0.009] 5[20.57 00.45 20.94 00.48  2.267 0.009 2.276 0.009]  0 06.76 00.09 06.71 00.09     1 04.77 00.06 -4.83 00.07     2 -17.58 1000.04 04.67 00.06     3 04.81 00.06 04.69 00.06     4 04.85 00.06 04.71 00.06     5 06.53 00.09 06.71 00.09   
150 beam:  2.00 thr:  5 ::  0[20.05 00.47 20.13 00.50  2.027 0.009 2.031 0.009] 1[09.89 00.10 09.88 00.10  2.044 0.009 2.052 0.009] 2[09.14 00.09 09.30 00.10  2.023 0.009 2.025 0.009] 3[09.17 00.09 09.19 00.09  2.110 0.008 2.119 0.008] 4[10.13 00.10 10.33 00.10  2.120 0.008 2.135 0.008] 5[20.66 00.45 20.53 00.44  2.110 0.008 2.105 0.008]  0 19.72 00.46 19.59 00.46     1 09.71 00.10 09.98 00.11     2 09.01 00.09 09.25 00.09     3 08.89 00.08 09.16 00.09     4 10.16 00.10 10.35 00.10     5 20.57 00.45 20.94 00.48   
150 beam:  2.00 thr:  6 ::  0[18.85 00.42 20.54 00.52  1.868 0.009 1.871 0.009] 1[09.49 00.10 09.94 00.11  1.902 0.009 1.889 0.009] 2[08.85 00.09 09.28 00.10  1.849 0.009 1.863 0.009] 3[08.96 00.09 09.23 00.09  1.930 0.008 1.930 0.008] 4[10.09 00.10 10.26 00.10  1.977 0.008 1.976 0.008] 5[20.78 00.47 20.54 00.45  1.968 0.008 1.962 0.008]  0 20.05 00.47 20.13 00.50     1 09.89 00.10 09.88 00.10     2 09.14 00.09 09.30 00.10     3 09.17 00.09 09.19 00.09     4 10.13 00.10 10.33 00.10     5 20.66 00.45 20.53 00.44   
150 beam:  2.00 thr:  7 ::  0[-20.27 00.57 -20.24 00.58  1.756 0.010 1.736 0.010] 1[09.93 00.12 09.81 00.12  1.738 0.009 1.751 0.010] 2[09.08 00.10 09.28 00.11  1.714 0.009 1.709 0.009] 3[08.87 00.10 09.26 00.10  1.772 0.009 1.790 0.009] 4[10.16 00.11 10.24 00.11  1.850 0.009 1.859 0.009] 5[19.94 00.47 20.60 00.52  1.810 0.008 1.808 0.008]  0 18.85 00.42 20.54 00.52     1 09.49 00.10 09.94 00.11     2 08.85 00.09 09.28 00.10     3 08.96 00.09 09.23 00.09     4 10.09 00.10 10.26 00.10     5 20.78 00.47 20.54 00.45   
150 beam:  2.00 thr:  8 ::  0[20.31 00.54 19.92 00.51  1.639 0.009 1.628 0.010] 1[09.86 00.11 09.81 00.11  1.652 0.009 1.646 0.009] 2[09.16 00.10 09.24 00.10  1.631 0.009 1.635 0.009] 3[09.30 00.10 09.35 00.09  1.690 0.008 1.704 0.008] 4[10.42 00.11 10.42 00.11  1.715 0.008 1.726 0.008] 5[20.82 00.49 21.02 00.51  1.688 0.008 1.686 0.008]  0 -20.27 00.57 -20.24 00.58     1 09.93 00.12 09.81 00.12     2 09.08 00.10 09.28 00.11     3 08.87 00.10 09.26 00.10     4 10.16 00.11 10.24 00.11     5 19.94 00.47 20.60 00.52   
150 beam:  2.00 thr:  9 ::  0[20.18 00.56 -19.88 00.53  1.530 0.009 1.551 0.009] 1[09.91 00.12 09.99 00.12  1.563 0.009 1.548 0.009] 2[09.16 00.10 09.42 00.10  1.510 0.008 1.512 0.008] 3[09.18 00.10 09.22 00.10  1.590 0.008 1.593 0.008] 4[10.11 00.11 10.19 00.11  1.606 0.008 1.602 0.008] 5[21.36 00.55 20.56 00.50  1.610 0.008 1.619 0.008]  0 20.31 00.54 19.92 00.51     1 09.86 00.11 09.81 00.11     2 09.16 00.10 09.24 00.10     3 09.30 00.10 09.35 00.09     4 10.42 00.11 10.42 00.11     5 20.82 00.49 21.02 00.51   
150 beam:  2.00 thr: 10 ::  0[-21.01 00.66 -21.01 00.68  1.457 0.010 1.456 0.010] 1[09.98 00.13 10.04 00.13  1.467 0.010 1.465 0.010] 2[09.58 00.12 09.70 00.12  1.443 0.009 1.450 0.009] 3[09.42 00.11 09.45 00.11  1.517 0.009 1.495 0.009] 4[10.39 00.12 10.24 00.12  1.526 0.009 1.529 0.009] 5[-20.98 00.57 21.04 00.60  1.514 0.009 1.491 0.008]  0 20.18 00.56 -19.88 00.53     1 09.91 00.12 09.99 00.12     2 09.16 00.10 09.42 00.10     3 09.18 00.10 09.22 00.10     4 10.11 00.11 10.19 00.11     5 21.36 00.55 20.56 00.50   
150 beam:  2.00 thr: 11 ::  0[-20.34 00.67 -20.03 00.65  1.374 0.010 1.386 0.010] 1[09.90 00.14 10.05 00.14  1.423 0.010 1.424 0.010] 2[09.45 00.12 09.60 00.12  1.384 0.009 1.387 0.009] 3[09.88 00.12 09.47 00.12  1.425 0.009 1.420 0.009] 4[10.38 00.14 10.67 00.14  1.440 0.009 1.451 0.009] 5[-21.70 00.68 -21.61 00.71  1.453 0.009 1.441 0.009]  0 -21.01 00.66 -21.01 00.68     1 09.98 00.13 10.04 00.13     2 09.58 00.12 09.70 00.12     3 09.42 00.11 09.45 00.11     4 10.39 00.12 10.24 00.12     5 -20.98 00.57 21.04 00.60   
150 beam:  2.00 thr: 12 ::  0[-20.59 00.84 -20.43 00.76  1.375 0.012 1.375 0.012] 1[10.22 00.17 10.12 00.15  1.355 0.011 1.356 0.011] 2[09.54 00.14 09.42 00.14  1.341 0.010 1.330 0.010] 3[09.50 00.13 09.49 00.13  1.367 0.010 1.363 0.010] 4[10.18 00.15 10.21 00.14  1.385 0.010 1.402 0.010] 5[-20.21 00.64 -19.89 00.62  1.399 0.010 1.416 0.010]  0 -20.34 00.67 -20.03 00.65     1 09.90 00.14 10.05 00.14     2 09.45 00.12 09.60 00.12     3 09.88 00.12 09.47 00.12     4 10.38 00.14 10.67 00.14     5 -21.70 00.68 -21.61 00.71   
150 beam:  3.00 thr:  4 ::  0[15.56 00.26 15.25 00.24  2.213 0.011 2.209 0.010] 1[07.41 00.08 07.54 00.08  2.243 0.010 2.250 0.010] 2[07.11 00.07 07.13 00.07  2.225 0.010 2.237 0.010] 3[07.16 00.07 07.32 00.07  2.274 0.009 2.275 0.009] 4[07.75 00.08 08.16 00.08  2.300 0.009 2.295 0.009] 5[15.61 00.22 16.07 00.23  2.246 0.009 2.249 0.009]  0 -20.59 00.84 -20.43 00.76     1 10.22 00.17 10.12 00.15     2 09.54 00.14 09.42 00.14     3 09.50 00.13 09.49 00.13     4 10.18 00.15 10.21 00.14     5 -20.21 00.64 -19.89 00.62   
150 beam:  3.00 thr:  5 ::  0[14.84 00.22 14.98 00.23  2.032 0.010 2.025 0.009] 1[07.44 00.08 07.42 00.08  2.039 0.009 2.042 0.009] 2[07.15 00.07 07.10 00.07  2.050 0.009 2.048 0.009] 3[07.09 00.06 07.13 00.07  2.113 0.008 2.112 0.008] 4[07.79 00.08 07.78 00.08  2.121 0.008 2.124 0.008] 5[15.56 00.21 15.75 00.22  2.097 0.008 2.108 0.008]  0 15.56 00.26 15.25 00.24     1 07.41 00.08 07.54 00.08     2 07.11 00.07 07.13 00.07     3 07.16 00.07 07.32 00.07     4 07.75 00.08 08.16 00.08     5 15.61 00.22 16.07 00.23   
150 beam:  3.00 thr:  6 ::  0[15.52 00.25 15.28 00.24  1.911 0.009 1.891 0.009] 1[07.48 00.08 07.51 00.08  1.903 0.009 1.903 0.009] 2[07.05 00.07 07.21 00.07  1.873 0.008 1.881 0.008] 3[07.00 00.07 07.09 00.07  1.967 0.008 1.962 0.008] 4[07.76 00.08 07.84 00.08  1.989 0.008 1.989 0.008] 5[15.76 00.22 16.18 00.24  1.957 0.008 1.953 0.008]  0 14.84 00.22 14.98 00.23     1 07.44 00.08 07.42 00.08     2 07.15 00.07 07.10 00.07     3 07.09 00.06 07.13 00.07     4 07.79 00.08 07.78 00.08     5 15.56 00.21 15.75 00.22   
150 beam:  3.00 thr:  7 ::  0[15.85 00.26 15.11 00.22  1.769 0.009 1.757 0.009] 1[07.65 00.08 07.49 00.08  1.780 0.009 1.763 0.009] 2[07.06 00.07 07.28 00.07  1.803 0.008 1.815 0.009] 3[07.18 00.07 07.16 00.07  1.892 0.008 1.893 0.008] 4[07.75 00.07 07.87 00.08  1.872 0.008 1.867 0.008] 5[16.27 00.24 15.88 00.22  1.813 0.008 1.821 0.008]  0 15.52 00.25 15.28 00.24     1 07.48 00.08 07.51 00.08     2 07.05 00.07 07.21 00.07     3 07.00 00.07 07.09 00.07     4 07.76 00.08 07.84 00.08     5 15.76 00.22 16.18 00.24   
150 beam:  3.00 thr:  8 ::  0[15.09 00.25 15.55 00.26  1.619 0.009 1.627 0.009] 1[07.58 00.09 07.68 00.08  1.641 0.009 1.644 0.009] 2[07.28 00.07 07.42 00.07  1.628 0.008 1.636 0.008] 3[07.10 00.07 07.25 00.07  1.693 0.008 1.695 0.008] 4[07.69 00.08 07.96 00.08  1.714 0.008 1.707 0.008] 5[15.80 00.23 16.43 00.25  1.696 0.008 1.690 0.008]  0 15.85 00.26 15.11 00.22     1 07.65 00.08 07.49 00.08     2 07.06 00.07 07.28 00.07     3 07.18 00.07 07.16 00.07     4 07.75 00.07 07.87 00.08     5 16.27 00.24 15.88 00.22   
150 beam:  3.00 thr:  9 ::  0[15.84 00.30 15.67 00.28  1.548 0.009 1.547 0.009] 1[07.71 00.09 07.83 00.09  1.547 0.009 1.555 0.009] 2[07.29 00.08 07.43 00.08  1.503 0.008 1.502 0.008] 3[07.40 00.08 07.46 00.08  1.602 0.008 1.594 0.008] 4[07.94 00.08 07.92 00.08  1.609 0.008 1.623 0.008] 5[15.86 00.25 15.84 00.24  1.613 0.008 1.614 0.008]  0 15.09 00.25 15.55 00.26     1 07.58 00.09 07.68 00.08     2 07.28 00.07 07.42 00.07     3 07.10 00.07 07.25 00.07     4 07.69 00.08 07.96 00.08     5 15.80 00.23 16.43 00.25   
150 beam:  3.00 thr: 10 ::  0[15.39 00.31 15.90 00.33  1.479 0.011 1.478 0.011] 1[07.93 00.10 07.50 00.10  1.503 0.010 1.507 0.010] 2[07.35 00.09 07.75 00.10  1.455 0.010 1.454 0.010] 3[07.54 00.09 07.46 00.09  1.499 0.009 1.505 0.009] 4[08.15 00.10 08.08 00.10  1.548 0.009 1.546 0.009] 5[15.99 00.29 16.39 00.30  1.509 0.009 1.506 0.009]  0 15.84 00.30 15.67 00.28     1 07.71 00.09 07.83 00.09     2 07.29 00.08 07.43 00.08     3 07.40 00.08 07.46 00.08     4 07.94 00.08 07.92 00.08     5 15.86 00.25 15.84 00.24   
150 beam:  3.00 thr: 11 ::  0[15.21 00.31 15.32 00.31  1.395 0.010 1.398 0.010] 1[07.70 00.10 07.82 00.10  1.422 0.010 1.413 0.010] 2[07.64 00.10 07.82 00.10  1.387 0.009 1.402 0.009] 3[07.72 00.09 07.63 00.09  1.449 0.009 1.444 0.009] 4[08.12 00.10 08.31 00.10  1.443 0.009 1.460 0.009] 5[15.92 00.29 16.49 00.32  1.465 0.009 1.450 0.009]  0 15.39 00.31 15.90 00.33     1 07.93 00.10 07.50 00.10     2 07.35 00.09 07.75 00.10     3 07.54 00.09 07.46 00.09     4 08.15 00.10 08.08 00.10     5 15.99 00.29 16.39 00.30   
150 beam:  3.00 thr: 12 ::  0[16.06 00.40 16.13 00.41  1.355 0.011 1.347 0.011] 1[08.06 00.12 08.20 00.13  1.331 0.011 1.354 0.011] 2[07.83 00.11 07.75 00.11  1.358 0.010 1.367 0.010] 3[07.51 00.11 07.68 00.10  1.373 0.010 1.388 0.010] 4[08.12 00.12 08.39 00.12  1.411 0.010 1.411 0.010] 5[16.05 00.34 16.41 00.38  1.393 0.010 1.416 0.010]  0 15.21 00.31 15.32 00.31     1 07.70 00.10 07.82 00.10     2 07.64 00.10 07.82 00.10     3 07.72 00.09 07.63 00.09     4 08.12 00.10 08.31 00.10     5 15.92 00.29 16.49 00.32   
150 beam:  5.00 thr:  4 ::  0[13.01 00.56 12.06 00.49  2.305 0.034 2.299 0.033] 1[06.33 00.23 05.80 00.21  2.317 0.030 2.341 0.030] 2[05.74 00.22 05.46 00.20  2.313 0.029 2.323 0.029] 3[06.06 00.18 06.08 00.17  2.398 0.028 2.406 0.028] 4[06.33 00.21 06.40 00.20  2.331 0.026 2.354 0.026] 5[12.35 00.41 12.68 00.44  2.295 0.024 2.301 0.025]  0 16.06 00.40 16.13 00.41     1 08.06 00.12 08.20 00.13     2 07.83 00.11 07.75 00.11     3 07.51 00.11 07.68 00.10     4 08.12 00.12 08.39 00.12     5 16.05 00.34 16.41 00.38   
150 beam:  5.00 thr:  5 ::  0[12.02 00.44 11.67 00.52  2.043 0.032 2.034 0.032] 1[06.13 00.21 06.18 00.21  2.061 0.030 2.069 0.029] 2[-5.84 00.21 06.29 00.20  2.038 0.026 2.055 0.029] 3[05.87 00.16 06.19 00.19  2.169 0.026 2.138 0.026] 4[06.51 00.20 06.21 00.17  2.166 0.026 2.148 0.024] 5[13.53 00.49 12.30 00.39  2.153 0.024 2.152 0.024]  0 13.01 00.56 12.06 00.49     1 06.33 00.23 05.80 00.21     2 05.74 00.22 05.46 00.20     3 06.06 00.18 06.08 00.17     4 06.33 00.21 06.40 00.20     5 12.35 00.41 12.68 00.44   
150 beam:  5.00 thr:  6 ::  0[11.89 00.51 12.28 00.59  1.866 0.031 1.866 0.032] 1[05.98 00.22 -6.05 00.23  1.869 0.028 1.894 0.028] 2[05.77 00.18 -5.99 00.21  1.916 0.028 1.902 0.028] 3[05.80 00.20 05.97 00.18  1.986 0.026 1.980 0.027] 4[-6.06 00.19 06.23 00.20  2.005 0.024 1.979 0.026] 5[12.97 00.47 12.24 00.42  1.977 0.024 1.961 0.023]  0 12.02 00.44 11.67 00.52     1 06.13 00.21 06.18 00.21     2 -5.84 00.21 06.29 00.20     3 05.87 00.16 06.19 00.19     4 06.51 00.20 06.21 00.17     5 13.53 00.49 12.30 00.39   
150 beam:  5.00 thr:  7 ::  0[12.39 00.58 12.53 00.56  1.772 0.030 1.735 0.030] 1[05.82 00.21 06.39 00.24  1.798 0.029 1.801 0.030] 2[05.95 00.22 06.01 00.18  1.798 0.027 1.735 0.027] 3[05.89 00.18 06.15 00.18  1.789 0.025 1.817 0.025] 4[05.94 00.18 06.38 00.18  1.859 0.025 1.848 0.025] 5[11.99 00.39 12.57 00.45  1.821 0.024 1.813 0.024]  0 11.89 00.51 12.28 00.59     1 05.98 00.22 -6.05 00.23     2 05.77 00.18 -5.99 00.21     3 05.80 00.20 05.97 00.18     4 -6.06 00.19 06.23 00.20     5 12.97 00.47 12.24 00.42   
150 beam:  5.00 thr:  8 ::  0[12.53 00.51 11.18 00.46  1.616 0.028 1.602 0.027] 1[06.30 00.22 06.11 00.22  1.630 0.028 1.652 0.029] 2[06.05 00.18 -5.95 00.22  1.700 0.027 1.613 0.028] 3[05.85 00.16 06.07 00.22  1.686 0.025 1.661 0.026] 4[06.39 00.20 06.77 00.21  1.721 0.025 1.703 0.026] 5[12.80 00.46 13.52 00.50  1.720 0.023 1.689 0.023]  0 12.39 00.58 12.53 00.56     1 05.82 00.21 06.39 00.24     2 05.95 00.22 06.01 00.18     3 05.89 00.18 06.15 00.18     4 05.94 00.18 06.38 00.18     5 11.99 00.39 12.57 00.45   
150 beam:  5.00 thr:  9 ::  0[13.64 00.68 12.88 00.59  1.573 0.032 1.551 0.029] 1[07.08 00.27 07.22 00.29  1.534 0.028 1.548 0.028] 2[06.57 00.23 06.31 00.22  1.462 0.025 1.483 0.026] 3[06.08 00.18 06.00 00.17  1.590 0.024 1.621 0.025] 4[05.93 00.17 05.91 00.19  1.583 0.025 1.595 0.024] 5[12.09 00.43 11.58 00.39  1.601 0.025 1.614 0.026]  0 12.53 00.51 11.18 00.46     1 06.30 00.22 06.11 00.22     2 06.05 00.18 -5.95 00.22     3 05.85 00.16 06.07 00.22     4 06.39 00.20 06.77 00.21     5 12.80 00.46 13.52 00.50   
150 beam:  5.00 thr: 10 ::  0[13.21 00.80 12.95 00.72  1.501 0.032 1.501 0.031] 1[-5.90 00.24 06.60 00.25  1.579 0.032 1.579 0.032] 2[06.61 00.28 -6.08 00.21  1.453 0.026 1.460 0.027] 3[06.34 00.22 06.09 00.22  1.554 0.028 1.541 0.027] 4[06.28 00.24 06.60 00.22  1.529 0.025 1.507 0.024] 5[12.04 00.43 12.62 00.47  1.544 0.025 1.508 0.025]  0 13.64 00.68 12.88 00.59     1 07.08 00.27 07.22 00.29     2 06.57 00.23 06.31 00.22     3 06.08 00.18 06.00 00.17     4 05.93 00.17 05.91 00.19     5 12.09 00.43 11.58 00.39   
150 beam:  5.00 thr: 11 ::  0[12.04 00.72 13.69 00.82  1.372 0.033 1.372 0.032] 1[06.70 00.32 -6.34 00.28  1.406 0.031 1.400 0.031] 2[06.67 00.27 06.48 00.27  1.387 0.030 1.428 0.031] 3[06.09 00.24 06.82 00.26  1.447 0.030 1.459 0.031] 4[06.77 00.28 06.80 00.25  1.451 0.028 1.429 0.026] 5[12.83 00.61 13.07 00.52  1.463 0.029 1.434 0.027]  0 13.21 00.80 12.95 00.72     1 -5.90 00.24 06.60 00.25     2 06.61 00.28 -6.08 00.21     3 06.34 00.22 06.09 00.22     4 06.28 00.24 06.60 00.22     5 12.04 00.43 12.62 00.47   
150 beam:  5.00 thr: 12 ::  0[13.10 00.78 12.11 00.89  1.370 0.039 1.337 0.039] 1[07.13 00.34 -6.31 00.31  1.342 0.033 1.358 0.035] 2[06.50 00.31 06.70 00.32  1.319 0.028 1.313 0.029] 3[01.95 43264.27 06.41 00.30  1.383 0.031 1.381 0.030] 4[06.80 00.37 07.14 00.27  1.402 0.030 1.369 0.030] 5[12.48 00.57 12.88 00.63  1.381 0.028 1.408 0.030]  0 12.04 00.72 13.69 00.82     1 06.70 00.32 -6.34 00.28     2 06.67 00.27 06.48 00.27     3 06.09 00.24 06.82 00.26     4 06.77 00.28 06.80 00.25     5 12.83 00.61 13.07 00.52   
